30	701	855
72	338	381
72	491	522
72	673	869
72	872	905
76	219	331
76	470	482
76	784	832
76	1388	1396
76	1919	2050
76	2052	2145
76	2218	2294
76	2306	2397
76	2454	2534
76	2545	2647
76	2603	2647
76	2666	2978
76	3339	3566
76	4269	4378
15	181	350
15	5083	5389
70	194	486
70	488	606
70	610	856
70	858	917
70	1036	1427
70	1464	1493
70	1495	1590
69	213	305
69	315	377
69	379	640
69	815	828
69	887	1063
69	1064	1270
69	1499	1799
69	1801	1825
69	1875	1964
69	1876	1963
69	1876	1964
69	2008	2097
69	2272	2401
69	2403	2454
69	2513	2725
22	189	672
22	338	439
22	815	837
22	1853	1888
105	286	310
105	903	1133
105	1173	1293
134	206	210
134	249	265
134	288	645
134	654	661
134	747	1177
134	1623	1935
134	1965	2404
134	1975	1985
134	2406	2674
134	2418	2428
134	2538	2549
134	2676	2724
134	2724	2838
134	2941	3123
134	3127	3257
134	3259	3820
134	3822	4360
134	4362	4460
134	4464	4629
134	4484	4536
134	4645	4779
134	4782	4999
134	5004	5597
134	5028	5040
134	5601	5643
134	5645	6201
134	6217	6279
134	6281	6811
134	6815	7832
86	57	141
86	269	348
86	349	378
86	363	378
86	438	762
86	768	860
86	887	911
86	982	1223
86	1626	1726
86	1735	1847
86	1876	1901
86	1988	2285
86	2107	2285
86	2303	2349
86	2373	2397
86	2418	2600
86	2418	2600
86	2632	2645
86	2767	2932
86	3079	3150
86	3393	3545
86	3550	3594
86	3676	3768
86	3817	3849
86	4171	4263
86	4349	4450
86	4817	4829
86	4901	4973
86	5247	5401
86	5307	5353
73	132	532
73	533	626
73	674	890
73	911	1048
73	1142	1456
73	1725	1946
73	2026	2110
73	2148	2316
73	2506	2744
73	2779	2950
73	2954	3089
73	3221	3275
73	3279	3333
73	3405	3440
73	3405	3441
73	3688	3844
84	45	63
84	542	746
84	1162	1259
84	1331	1367
84	1921	2075
84	2367	2536
84	2367	2537
84	3207	3287
84	3434	3610
84	3722	3727
84	3794	3915
84	3917	4139
84	4511	4773
133	0	50
133	136	190
133	194	421
133	578	619
133	621	707
133	660	707
133	745	912
133	914	1088
133	1090	1186
133	1188	1459
133	1771	1939
133	2008	2129
133	2208	2507
133	2908	3071
133	3073	3188
130	240	263
130	720	734
130	921	1018
130	1141	1318
130	1776	2090
130	2105	2218
130	2285	2298
130	2438	2455
130	2568	2634
130	2775	2923
90	49	184
90	80	120
90	234	305
90	306	370
90	323	346
90	414	427
90	431	489
90	512	612
90	616	634
90	747	1273
90	757	781
90	845	858
90	1214	1273
90	1317	1392
90	1434	1589
90	1713	1825
90	2055	2080
90	2421	2543
90	2550	2877
90	2882	3139
90	3143	3396
90	3402	3744
90	3746	4106
90	4179	4478
63	97	142
63	1330	1385
63	1389	1515
63	1807	1845
63	2310	2543
63	2547	2690
63	2691	2702
63	2745	2846
63	2918	3228
63	3232	3363
63	3368	3487
63	3692	3789
63	3822	3990
63	4236	4328
63	4341	4383
118	0	54
118	72	10193
118	136	414
118	201	365
118	417	667
118	1436	1674
118	1676	2359
118	2662	2812
118	3623	3698
118	3700	3761
118	4381	5013
118	4382	4681
118	5647	5682
118	5786	6397
118	6504	6684
118	6953	7034
118	7553	7762
118	9027	9065
118	9512	9891
118	9962	10085
118	10617	10650
118	10759	10912
118	11101	11321
118	11354	11511
118	11457	11675
118	11956	11989
118	12192	12922
118	12961	13100
118	13416	13642
118	13867	14090
118	14092	14684
118	14686	14975
118	15014	15145
118	15148	15429
118	15871	15889
118	15998	16385
118	16910	17330
118	17101	17331
118	17333	17861
118	18838	19020
118	19112	19506
118	19563	19652
118	19654	19815
104	433	622
104	713	735
104	742	851
104	887	977
104	1226	1259
104	2175	2215
104	2217	2253
104	2255	2380
104	2820	2962
104	3045	3754
104	4815	4851
104	6044	6061
104	6634	6701
104	11638	11674
104	13040	13074
104	13112	13132
104	13387	13503
104	13506	13698
104	14333	14769
104	14771	15230
104	15592	15797
104	15829	16216
104	16572	16590
104	16596	16712
104	16955	17060
104	17620	17705
104	17739	18445
104	18447	18724
104	19328	19522
104	19524	19693
104	20788	20820
104	21175	21209
104	21253	21283
104	21418	21448
104	21590	21635
104	22258	22426
104	23440	23494
104	23498	23850
104	23598	23648
104	24914	25031
104	25247	25494
104	25738	26154
104	26505	26695
104	28694	28720
104	29200	29421
104	29586	29769
104	30543	30943
104	31436	31460
104	31684	31742
104	31928	32264
104	32813	33201
104	33336	33446
104	33910	33963
104	35188	35617
104	36690	36884
104	36982	37172
104	37515	38126
104	38144	38175
104	40391	40484
104	42071	42572
104	42575	43159
104	43163	43576
104	44027	44503
104	45805	45993
104	46464	46684
104	47427	47816
104	47897	48415
61	2200	2248
80	88	204
80	138	174
80	138	204
80	259	411
80	412	496
80	513	553
80	585	807
80	809	931
80	987	1325
80	1388	1570
80	1571	1645
80	1648	1672
80	1673	1909
80	1787	1873
80	1921	1986
80	1989	2054
80	2056	2302
80	2303	2345
80	2347	2576
80	2801	3071
80	2969	3012
80	3076	3134
71	127	297
71	335	366
71	514	637
71	781	821
71	1174	1450
71	1361	1377
71	1784	1916
16	144	233
16	570	656
16	948	1555
16	1416	1554
16	3060	3167
16	3475	3493
16	4938	5441
16	4938	5441
16	5514	5779
16	5514	5779
16	5781	6014
16	6016	6268
125	261	277
125	261	359
125	397	468
125	488	842
125	498	515
125	521	534
125	923	944
125	959	985
125	1016	1152
125	1157	1494
125	1167	1208
125	1359	1493
127	0	76
127	94	123
127	196	431
127	292	353
127	531	577
127	1333	1418
127	1495	1643
55	172	301
55	642	817
55	819	888
55	906	956
55	1303	1730
55	1698	1908
55	1910	2009
55	2141	2226
55	2318	2519
55	2521	2834
55	2521	2834
55	2836	2863
55	3244	3666
55	3668	3942
55	3668	3942
55	3944	4496
55	4498	5014
55	5058	5287
55	5290	5724
55	5726	5893
55	6502	6676
55	6759	6986
55	7604	8012
55	8014	8491
55	8493	8775
55	8777	9258
55	9108	9258
120	0	45
120	389	491
120	574	766
120	768	893
120	934	945
120	1039	1156
120	1039	1156
120	1681	2065
120	2067	2316
120	2318	2437
120	2439	2757
120	2929	3116
121	0	43
121	51	374
121	127	143
121	542	556
121	690	786
121	793	912
121	932	1403
121	1409	1574
112	156	194
112	493	644
112	793	947
112	1804	1834
112	1875	1946
112	2336	2386
132	299	393
132	473	531
132	498	516
132	533	699
132	972	1051
132	1176	1208
132	1210	1320
132	1500	1508
132	1511	1672
132	1632	1645
132	1917	2091
132	2790	2804
52	115	161
52	248	271
52	609	676
52	1412	1775
52	1777	1953
52	2141	2215
52	2141	2215
52	2332	2383
52	2549	2773
52	3090	3180
52	3414	3565
52	4300	4341
52	4300	4402
52	4404	4488
52	4959	4984
59	551	885
59	1799	2505
59	2822	3221
59	3842	4093
78	121	208
78	279	370
78	372	488
78	421	435
78	490	585
78	637	697
78	894	996
78	1035	1435
78	1439	1613
78	1652	1881
78	1914	2019
78	2059	2186
78	2191	2397
78	2404	2547
78	3034	3111
78	3145	3295
93	0	40
93	294	350
93	351	442
93	529	559
93	606	657
93	1096	1115
93	1229	1260
93	1270	1373
82	140	259
82	262	509
82	511	761
82	951	1089
82	1093	1273
82	1322	1670
82	1674	1739
82	1901	2029
82	2034	2073
82	2078	2410
82	2078	2410
82	2414	2507
82	2556	2794
82	2913	3076
82	3301	3586
82	3843	3932
82	4408	4459
82	4643	4701
82	4876	5024
82	5026	5308
82	5494	5622
82	5624	5829
82	6675	6810
82	6814	7127
101	182	322
101	358	398
101	609	694
101	789	1021
101	813	834
101	1043	1323
101	1323	1911
101	1982	2057
101	2359	2696
101	2817	2894
101	3031	3046
101	3114	3162
101	3165	3174
101	3179	3269
101	3272	3331
101	3386	3509
101	3540	4064
101	5041	5256
101	5298	5712
92	0	40
92	49	107
92	337	396
92	557	581
92	651	852
92	1107	1272
92	1278	1311
92	1278	1405
92	1594	1946
92	2206	2248
92	3066	3527
92	3535	4069
92	4356	4570
92	4677	4863
58	331	499
58	501	611
58	1398	1947
58	2050	2158
58	2824	3182
58	2825	3182
58	3914	4352
58	3914	4352
58	4669	4873
58	5589	5613
97	0	32
97	148	180
97	221	296
97	312	363
97	411	428
97	482	983
97	984	1469
97	1474	1554
97	1569	1592
97	1975	2005
97	2046	2068
97	2267	2279
97	2382	2499
97	2533	2812
97	2608	2644
97	2893	2997
97	3322	3400
97	3401	3647
97	3778	3833
97	3912	4154
97	4154	4348
97	4487	4521
97	5049	5064
97	5673	5791
97	5829	5839
97	5870	6428
97	6831	6837
97	6880	6890
97	7053	7237
97	7284	7310
97	7547	7585
97	7587	7831
97	8341	8498
97	8499	8744
97	8589	8630
97	8746	8776
136	28	43
136	60	69
136	83	132
136	143	148
136	206	230
136	335	344
136	349	408
136	419	424
136	425	505
136	510	567
136	510	895
136	585	601
136	611	658
136	737	742
136	909	1094
136	1101	1229
136	1232	1272
136	1315	1341
136	1411	1579
136	1435	1456
136	1483	1507
136	1682	1835
136	1836	1914
136	1836	1915
136	1932	2063
136	2293	2590
136	2340	2588
136	2849	2899
136	2905	3009
136	3014	3103
136	3105	3686
136	3168	3413
136	3553	3567
136	3569	3621
136	3720	3886
136	3803	3809
136	3890	4052
136	4015	4051
136	4103	4318
136	4111	4135
136	4322	4564
136	4566	5033
136	5039	5582
136	5597	5607
136	5632	5652
136	5735	6527
74	296	352
74	491	720
74	724	835
74	837	921
74	962	1003
74	1230	1312
74	1470	1679
74	1683	2199
74	1710	1892
74	1987	2079
74	2312	2426
74	2513	2631
74	2635	2761
74	2714	2761
89	703	915
89	1090	1125
89	1247	1543
89	1877	1937
89	1941	2017
89	2155	2219
89	2518	2699
89	2909	2920
89	3097	3361
89	3230	3360
89	3362	3451
89	3833	3869
89	4028	4257
89	4691	4775
89	5324	5597
89	6030	6068
42	169	194
124	0	43
124	0	2192
124	0	2192
124	51	86
124	484	624
124	484	625
124	626	716
124	718	952
124	1170	1374
124	1375	1528
124	2359	2452
124	2569	2679
124	2708	2887
124	2891	3028
54	107	126
54	221	372
54	374	388
36	560	629
36	630	665
36	630	725
36	854	1329
36	927	1005
36	1331	1530
36	1675	1827
33	25	49
33	650	704
33	706	783
33	786	1089
33	1134	1305
33	1134	1306
33	1356	1509
33	2072	2101
33	2507	2655
33	2654	3018
48	32	116
48	155	173
48	405	419
23	708	953
23	2183	2384
25	273	734
25	1003	1070
25	1717	1837
25	2081	2223
25	3105	3183
25	3246	3431
56	169	191
56	420	512
56	660	733
56	660	993
56	1962	2064
56	2689	3006
56	3008	3227
56	3535	3631
37	0	71
37	1877	2024
37	1877	2024
37	1962	1972
37	2026	2203
37	2558	2702
37	2593	2702
129	179	214
129	218	424
129	428	564
129	428	652
129	656	753
129	773	1004
129	898	1003
129	1008	1044
129	1200	1398
129	1200	1399
129	1403	1492
129	1523	1739
129	1743	1939
129	1944	2275
129	2194	2275
129	2279	2593
129	2597	2770
129	2634	2769
129	2816	3145
129	3309	3516
129	3521	3712
129	3679	3710
129	3679	3711
129	3716	3754
79	0	57
79	118	132
79	169	322
79	324	775
79	440	482
79	512	649
79	779	888
79	1086	1125
79	1196	1443
79	1196	1443
79	1448	1637
79	1679	1700
79	1679	1700
79	1702	1822
79	1911	1996
79	2165	2344
79	2348	2539
79	2874	3033
79	3038	3308
79	3313	3503
79	3504	3746
79	3875	4067
79	4068	4115
79	4304	4473
79	4597	4749
79	4808	5067
79	5067	5178
79	5258	5376
79	5378	5507
102	186	227
102	413	492
102	656	788
102	1015	1074
102	1172	1478
102	1843	2049
102	2247	2373
102	2808	3106
102	3108	3253
102	3253	3554
102	3594	3669
102	3921	3977
102	3968	4038
102	4335	4506
102	4508	4629
102	4790	4818
102	4947	5235
102	5750	5775
102	5776	5978
102	6037	6141
102	6142	6621
102	6693	6714
102	7061	7589
102	8324	8336
102	9581	9710
102	10333	10339
102	10360	10418
31	120	147
31	120	212
31	213	251
31	252	545
31	615	906
31	908	957
31	1061	1086
31	1203	1495
31	1203	1495
31	1496	1623
31	1623	2285
31	2399	2598
31	2719	3463
31	3359	3400
31	3464	3806
31	3808	4093
31	4174	4384
31	5132	5326
31	5326	5812
31	5848	5872
31	5906	5925
31	6005	6025
31	6026	6081
31	6083	6351
31	6353	6413
31	6414	6635
108	0	27
108	327	388
108	566	598
108	626	655
108	688	841
108	896	1181
108	1246	1389
108	1391	1709
108	1862	2213
108	2808	3079
108	3123	3188
65	200	378
65	382	554
65	555	772
65	677	772
65	776	838
65	1059	1104
65	1523	1681
65	1746	1831
65	1833	2028
65	2032	2273
65	2277	2366
65	2526	2918
65	2920	2988
65	2990	3020
65	3024	3086
65	3086	3267
65	3271	3352
65	3352	3424
65	3881	3981
43	110	139
43	246	327
43	428	542
43	543	622
43	999	1022
20	0	82
20	137	218
20	845	1075
20	1792	1842
20	1844	2145
20	2147	2438
106	160	174
106	391	532
106	482	493
106	905	948
106	1157	1250
106	1480	1790
106	1827	2163
106	2287	2385
106	2448	2678
106	2680	2998
106	3000	3046
106	3497	3564
106	3602	4201
106	4223	4322
106	4483	4583
106	4585	4854
106	4928	5247
106	5552	5927
106	6468	6648
106	6845	6948
106	7367	7427
106	7637	7653
106	8433	8468
106	8659	8860
106	9250	9264
106	9350	9596
106	9892	9920
106	11291	11346
106	11514	11587
131	188	264
131	208	218
131	408	441
131	541	583
131	585	653
131	909	1048
131	1147	1309
131	1314	1647
131	1739	1893
131	2042	2166
131	2283	2420
50	444	521
50	905	943
50	1592	1773
50	1925	2095
50	2408	2536
50	2409	2535
50	2536	2613
50	2769	2843
50	2893	2948
50	3000	3050
50	3000	3050
50	3000	3050
50	3297	3466
50	3921	4202
50	3921	4202
50	4205	4387
50	4390	4468
50	4828	5014
50	5016	5093
50	5016	5094
50	5096	5179
50	5217	5375
50	5390	5487
50	5390	5487
50	5489	5514
50	5553	6340
50	6341	6783
50	6804	7157
50	6852	6914
50	7164	7342
50	7346	7519
50	8532	8624
50	8628	8684
50	8686	8942
50	9616	9741
50	9744	9976
50	10551	10709
50	11870	11897
50	11899	12504
50	12616	13251
57	5389	5447
57	6698	6873
57	6941	6986
57	9919	9942
60	954	1101
60	1528	1686
60	2696	2998
60	3612	3702
60	4754	4878
119	143	599
119	600	783
119	961	1055
119	1166	1586
119	1724	1849
119	1850	2129
119	2706	3241
119	3501	3918
29	154	520
29	590	801
29	804	1265
29	2359	2454
29	2879	3037
29	3765	4216
29	4661	5103
29	5435	5795
29	5796	5971
29	5973	6123
29	6123	6300
29	6301	6878
29	6966	7076
29	6966	7077
29	7077	7113
29	7115	7332
29	7335	7698
29	7802	8120
29	8195	8211
29	8213	8322
29	8344	8475
29	8654	9050
29	9401	9483
29	9538	9791
29	9794	10045
40	2495	3058
40	2564	2648
40	4195	4368
40	4740	4773
40	7579	7628
40	7882	7929
40	8829	9031
40	9664	10050
40	11200	11660
40	11443	11660
40	11664	11786
40	12399	12641
40	13528	13872
40	13874	13982
40	14104	14166
40	15404	15547
39	169	258
39	277	296
39	482	760
39	1011	1086
39	1552	1592
39	1655	1708
39	1728	2198
39	2200	2612
39	2902	3255
91	168	204
91	300	334
91	338	377
91	394	431
91	471	578
91	578	888
91	892	1082
91	915	1176
91	1180	1454
91	1458	1535
91	1774	1937
91	2321	2392
91	2396	2450
91	2396	2771
91	2818	2842
91	3810	4044
91	3835	4045
91	4295	4327
91	4392	4587
91	4589	4624
91	4874	4900
91	4910	5000
91	5002	5212
91	5217	5376
91	5241	5254
91	5713	5889
91	5890	6025
91	6029	6373
91	6446	6462
91	7087	7447
91	7542	7878
91	7802	7879
91	7883	8210
91	8453	8475
91	8644	8769
91	8770	9133
91	9632	9741
91	10058	10431
91	10435	10520
91	10789	11137
91	11224	11492
91	11320	11382
91	11727	11796
91	11869	12137
91	12252	12338
91	12841	12852
91	12912	12927
91	12930	13133
45	29	78
45	155	181
45	552	594
45	676	704
113	591	679
113	679	876
113	949	1228
113	1352	1610
113	1441	1608
113	1726	1853
113	2206	2280
113	2282	2448
113	2524	2678
113	2782	2985
113	4578	4827
113	4579	4827
113	4579	4879
113	4948	5070
113	5079	5232
113	5234	5325
113	5422	6176
113	5578	5605
113	5713	5946
113	5948	6176
87	131	235
87	493	654
87	533	566
87	658	899
87	729	753
87	827	899
87	999	1024
87	1162	1291
87	1210	1219
87	1297	1347
87	1564	1603
87	1704	1855
87	1770	1779
87	1861	1870
87	2146	2290
87	2405	2463
87	2590	2634
87	2640	2774
87	2881	3101
87	3165	3208
87	3211	3334
87	3616	3633
87	3710	3719
87	4113	4434
87	4113	4435
87	4113	4435
87	4441	4655
87	4441	4658
87	4664	4866
87	4867	5033
53	776	922
53	776	922
41	794	1079
41	2104	2604
41	2636	2864
41	2868	3425
41	3545	3709
41	4633	4828
77	287	337
77	504	572
77	985	1075
77	1161	1298
77	1298	1340
77	1341	1419
77	1423	1480
77	1481	1730
77	1730	2168
77	2240	2314
77	2446	2519
77	2602	2725
77	2726	2841
77	2845	3015
77	3156	3273
77	3277	3451
81	0	103
81	254	396
81	354	397
81	415	731
81	733	942
81	944	1040
81	1044	1242
81	1246	1279
81	1283	1373
81	1479	1642
81	1643	1707
81	1709	1802
81	1822	1865
81	1870	2069
81	2070	2183
117	0	43
117	339	344
117	339	852
117	339	852
117	856	1296
117	856	1298
117	947	965
117	1302	1441
117	1302	1442
117	1302	1522
117	1705	1905
117	1705	1905
117	1911	2381
117	2304	2381
117	2383	2718
117	2383	2718
24	116	266
24	1286	1314
95	0	40
95	267	340
95	474	561
95	1321	1658
95	1662	1686
95	1691	1989
95	1989	2500
95	2537	2843
95	2537	2843
95	2847	2870
95	2901	2915
95	2930	2955
95	2982	3039
95	3174	3202
95	3520	3686
95	3690	3811
98	134	164
98	249	592
98	594	768
98	798	809
98	811	963
98	1065	1311
98	1331	1469
98	1658	1846
98	1865	2030
98	1917	1948
98	2189	2335
98	2597	2947
98	3116	3325
98	3326	3461
98	3529	3710
98	3727	4083
98	4195	4228
98	4360	4578
98	4826	5010
98	5205	5276
98	5655	5784
98	6213	6232
98	6427	6601
98	6987	7017
98	7396	7530
137	0	23
137	140	149
137	235	246
137	251	318
137	330	338
137	497	548
137	831	941
137	880	903
137	1012	1054
137	1114	1193
137	1261	1399
137	1306	1318
137	1351	1361
137	1407	1739
137	1752	1768
137	1870	1902
137	2068	2149
137	2278	2402
137	2402	2462
137	2531	2552
137	2567	2592
137	2736	2791
137	2937	3023
137	3082	3145
137	3147	3178
137	3184	3348
137	3491	3615
137	3666	3676
75	394	434
75	786	890
75	963	1171
75	1172	1701
75	2182	2372
75	2374	2537
75	2541	2702
21	123	198
21	200	241
21	993	1239
21	2506	2585
21	3095	3200
21	3580	3853
21	3856	4030
21	4032	4572
21	5502	5532
21	5783	5818
21	6049	6132
21	6372	6421
21	6422	6604
21	6760	6810
21	8144	8225
21	9669	10111
21	10282	10963
21	10450	10618
21	10750	10985
21	11446	11751
21	12253	12514
21	12644	12730
21	12946	13262
21	14974	15101
21	15103	15628
21	15302	15328
21	16181	16241
21	17007	17141
21	17142	17363
21	17276	17363
21	18022	18102
21	19934	20298
21	21646	21716
21	21971	22574
21	22043	22574
21	22610	22731
21	22733	23234
21	24064	24151
21	24250	24344
21	24403	24488
21	24489	24628
21	26138	26467
21	28342	29085
21	29087	29486
21	30573	30658
21	30890	31030
21	31699	31797
21	31799	31855
28	0	49
28	157	196
28	359	730
28	468	490
28	732	888
28	2100	2303
28	2576	2826
28	2941	3013
28	3742	4052
28	4282	4648
85	19	39
85	149	263
85	222	255
85	281	412
85	554	571
85	573	696
85	587	610
85	697	952
85	1062	1178
85	1323	1354
85	1369	1443
85	1643	1665
85	1721	1764
85	1883	1903
85	1934	2001
85	2173	2333
85	2392	2403
85	2458	2608
85	2801	2819
85	2836	3149
85	3149	3480
85	3586	3616
85	3660	3691
85	3741	3816
85	3933	3953
85	4200	4288
85	4534	4633
85	4594	4616
85	4861	4906
85	6507	6552
85	6641	6772
85	6890	7018
85	7019	7101
85	7178	7200
85	7299	7316
18	2357	2774
18	2815	3024
116	0	343
116	0	343
116	0	344
116	436	468
116	469	508
116	656	693
116	730	919
116	921	1478
116	1482	1693
116	1695	2072
38	231	460
38	461	737
38	461	737
38	461	739
38	741	990
38	993	1258
38	993	1258
38	1261	1525
38	1528	1739
38	1741	2212
38	2573	3171
38	2979	3020
38	3675	3702
38	4110	4175
38	4177	4409
100	235	248
100	268	286
100	409	634
100	409	634
100	722	747
100	891	909
100	1505	1638
100	2286	2328
100	2339	2425
100	2426	2564
100	2566	2647
100	2746	3127
100	3180	3299
64	194	214
64	509	827
64	829	997
64	999	1149
64	1149	1324
64	1324	1416
64	1457	1514
64	1457	2341
64	1553	1811
64	1811	1845
64	1915	2341
64	2373	2549
109	252	261
109	279	292
109	336	427
109	448	465
109	784	797
109	1020	1961
109	2164	2545
109	2759	2869
109	2902	2991
109	2962	2974
109	3037	3095
109	3304	3762
109	3724	3760
109	3828	4132
109	4201	4397
109	4521	4636
109	5762	5851
109	5853	5879
109	6152	6163
109	6234	6661
109	6234	6661
109	6662	7280
109	7828	7862
109	8250	8270
109	8460	8501
109	8732	8825
109	8827	9001
67	0	45
67	309	359
67	309	360
67	888	964
67	1039	1118
67	1060	1118
67	1385	1451
67	1598	1792
67	1794	1961
67	1965	2158
67	2157	2303
67	2304	2376
67	2393	2420
67	2614	2750
67	2847	2929
67	3577	3771
67	3773	3977
67	4079	4145
67	4283	4393
67	4395	4532
67	5373	5598
67	6069	6519
67	6556	6717
67	6936	7137
67	7142	7384
67	7693	7941
67	8228	8258
67	8617	8827
67	8832	8886
67	9212	9262
67	9342	9420
67	9718	9976
67	9980	10182
67	9980	10300
67	10470	10627
67	11076	11146
67	11208	11395
67	11208	11396
67	11396	11458
67	11546	11722
67	11724	11999
67	12003	12199
67	12250	12434
67	12466	12590
67	12860	13081
67	13835	14062
67	14102	14183
67	14253	14393
67	14738	14980
67	15133	15251
67	15998	16057
67	16061	16205
67	16297	16472
83	131	209
83	252	344
83	346	386
83	484	893
83	991	1351
83	1692	1787
83	1789	1933
83	2061	2106
83	2106	2270
83	2283	2361
83	2364	2638
83	2736	2984
83	2986	3085
83	3086	3153
83	3308	3444
83	3447	3829
83	3629	3723
83	3773	3829
83	3831	4110
83	4113	4402
83	4670	4809
83	4917	5114
83	5170	5199
83	5209	5229
83	5336	5585
83	5587	6063
83	6619	6887
83	6892	6913
83	7362	7834
83	7382	7431
83	8029	8177
126	78	129
126	409	594
126	596	787
126	903	1021
126	1023	1259
126	1329	1416
126	1418	1674
126	1933	1959
126	2107	2172
126	2173	2264
126	2492	2589
126	2591	2807
126	2871	2986
126	3052	3376
126	3559	3640
126	3784	3879
27	1125	1364
27	1873	1974
27	1975	2102
49	23	152
49	441	459
49	482	618
49	482	618
49	1209	1264
49	1209	1266
49	1635	1733
49	1788	1965
49	3022	3046
32	68	133
32	1268	1278
32	1457	1467
32	1457	1467
32	1856	1960
32	2102	2353
32	2353	2382
32	2417	2606
32	2677	2851
32	3127	3369
32	3684	3851
32	3906	4028
32	4073	4100
32	4735	4778
32	4898	5006
32	5511	5536
32	5690	5987
32	5690	5987
32	6315	6473
32	6637	6915
32	6917	6993
114	262	504
114	405	504
114	854	1008
114	1009	1103
114	1211	1234
114	1235	1410
114	1413	1555
114	1557	2001
114	3399	3874
114	3876	3995
114	4000	4175
114	4268	4848
114	4989	5063
114	5295	5441
107	196	263
107	325	835
107	934	1250
107	1272	1281
107	1346	1359
107	1422	1446
107	1473	1693
107	1473	1800
107	1808	2011
107	2017	2255
107	2416	2527
107	2614	2675
107	3086	3111
